     0.8762	     0.0004	     0.0000	
     1.1009	     2.2258	     0.2411	
     1.3255	     0.0000	     0.5358	
     1.5502	     0.0000	     0.4911	
     1.7748	     0.0375	     0.5024	
     1.9995	     0.4930	     0.5525	
     2.2241	     1.0040	     0.7250	
     2.4488	     1.2662	     0.9829	
     2.6735	     1.4793	     1.2921	
     2.8981	     1.6949	     1.6451	
     3.1228	     2.2081	     2.0802	
     3.3474	     2.6519	     2.6300	
     3.5721	     2.9064	     3.2568	
     3.7967	     3.0604	     3.9297	
     4.0214	     3.0446	     4.6173	
     4.2460	     3.0336	     5.2991	
     4.4707	     3.1232	     5.9868	
     4.6953	     3.4079	     6.7201	
     4.9200	     3.5728	     7.5051	
     5.1446	     3.8333	     8.3352	
     5.3693	     4.1011	     9.2270	
     5.5940	     4.3589	    10.1769	
     5.8186	     4.6201	    11.1871	
     6.0433	     4.7942	    12.2433	
     6.2679	     5.0999	    13.3556	
     6.4926	     5.2527	    14.5171	
     6.7172	     5.6215	    15.7397	
     6.9419	     5.6028	    17.0070	
     7.1665	     5.5793	    18.2579	
     7.3912	     5.8074	    19.5370	
     7.6158	     5.8133	    20.8454	
     7.8405	     5.9011	    22.1568	
     8.0651	     6.1593	    23.5120	
     8.2898	     6.2442	    24.9079	
     8.5144	     6.3040	    26.3172	
     8.7391	     6.3342	    27.7377	
     8.9638	     6.3558	    29.1621	
     9.1884	     6.4337	    30.5997	
     9.4131	     6.3970	    32.0414	
     9.6377	     6.4150	    33.4805	
     9.8624	     6.3522	    34.9154	
    10.0870	     6.3290	    36.3404	
    10.3117	     6.2442	    37.7527	
    10.5363	     6.2232	    39.1521	
    10.7610	     6.1461	    40.5431	
    10.9856	     6.0135	    41.9080	
    11.2103	     5.9106	    43.2507	
    11.4349	     5.6458	    44.5484	
    11.6596	     5.4804	    45.7984	
    11.8843	     5.1399	    46.9929	
    12.1089	     4.9265	    48.1180	
    12.3336	     4.9662	    49.2301	
    12.5582	     4.7270	    50.3235	
    12.7829	     4.4559	    51.3534	
    13.0075	     4.3002	    52.3346	
    13.2322	     4.1797	    53.2894	
    13.4568	     3.8884	    54.1978	
    13.6815	     3.6481	    55.0408	
    13.9061	     3.5342	    55.8481	
    14.1308	     3.2694	    56.6139	
    14.3554	     3.0391	    57.3210	
    14.5801	     2.8624	    57.9845	
    14.8048	     2.6276	    58.6024	
    15.0294	     2.3742	    59.1627	
    15.2541	     2.2445	    59.6794	
    15.4787	     2.1607	    60.1767	
    15.7034	     1.8955	    60.6341	
    15.9280	     1.6975	    61.0347	
    16.1527	     1.5598	    61.4013	
    16.3773	     1.3100	    61.7246	
    16.6020	     1.1123	    61.9949	
    16.8266	     0.9933	    62.2307	
    17.0513	     0.9015	    62.4429	
    17.2759	     0.8416	    62.6384	
    17.5006	     0.7854	    62.8211	
    17.7252	     0.7270	    62.9915	
    17.9499	     0.6340	    63.1442	
    18.1746	     0.5929	    63.2818	
    18.3992	     0.5374	    63.4093	
    18.6239	     0.4276	    63.5185	
    18.8485	     0.3196	    63.6023	
    19.0732	     0.2443	    63.6635	
    19.2978	     0.2105	    63.7156	
    19.5225	     0.1635	    63.7574	
    19.7471	     0.1642	    63.7932	
    19.9718	     0.1337	    63.8278	
    20.1964	     0.1102	    63.8534	
    20.4211	     0.0911	    63.8785	
    20.6457	     0.0856	    63.8941	
    20.8704	     0.0724	    63.9173	
    21.0951	     0.0676	    63.9293	
    21.3197	     0.0459	    63.9406	
    21.5444	     0.0360	    63.9572	
    21.7690	     0.0279	    63.9545	
    21.9937	     0.0301	    63.9741	
    22.2183	     0.0213	    63.9659	
    22.4430	     0.0235	    63.9739	
    22.6676	     0.0191	    63.9881	
    22.8923	     0.0202	    63.9841	
    23.1169	     0.0173	    63.9887	
    23.3416	     0.0239	    63.9952	
    23.5662	     0.0118	    63.9973	
    23.7909	     0.0151	    63.9932	
    24.0155	     0.0180	    64.0176	
    24.2402	     0.0140	    64.0142	
    24.4649	     0.0121	    64.0006	
    24.6895	     0.0018	    64.0000	
