     1.5372	     0.0002	     0.0000	
     1.7479	     0.0260	    -0.0002	
     1.9585	     0.4015	     0.0385	
     2.1692	     0.9231	     0.1802	
     2.3799	     1.1774	     0.4055	
     2.5905	     1.3689	     0.6727	
     2.8012	     1.6412	     0.9890	
     3.0119	     1.9625	     1.3658	
     3.2225	     2.5076	     1.8343	
     3.4332	     2.9918	     2.4171	
     3.6439	     3.2506	     3.0779	
     3.8545	     3.3522	     3.7768	
     4.0652	     3.2750	     4.4756	
     4.2758	     3.2862	     5.1651	
     4.4865	     3.3522	     5.8623	
     4.6972	     3.5838	     6.5909	
     4.9078	     3.8334	     7.3726	
     5.1185	     4.0834	     8.2058	
     5.3292	     4.3934	     9.0979	
     5.5398	     4.6769	    10.0554	
     5.7505	     4.8556	    11.0588	
     5.9612	     5.1702	    12.1137	
     6.1718	     5.3852	    13.2287	
     6.3825	     5.5074	    14.3746	
     6.5932	     5.7922	    15.5638	
     6.8038	     5.9483	    16.8039	
     7.0145	     6.0338	    18.0637	
     7.2251	     6.2932	    19.3623	
     7.4358	     6.3580	    20.6978	
     7.6465	     6.3894	    22.0408	
     7.8571	     6.4242	    23.3878	
     8.0678	     6.6241	    24.7639	
     8.2785	     6.5489	    26.1531	
     8.4891	     6.5940	    27.5371	
     8.6998	     6.5154	    28.9177	
     8.9105	     6.5998	    30.2984	
     9.1211	     6.5049	    31.6828	
     9.3318	     6.3269	    33.0329	
     9.5424	     6.2860	    34.3607	
     9.7531	     6.1560	    35.6734	
     9.9638	     6.0050	    36.9527	
    10.1744	     5.9843	    38.2144	
    10.3851	     5.9171	    39.4696	
    10.5958	     5.7985	    40.7032	
    10.8064	     5.7296	    41.9181	
    11.0171	     5.5661	    43.1092	
    11.2278	     5.4202	    44.2655	
    11.4384	     5.3126	    45.3970	
    11.6491	     5.0287	    46.4878	
    11.8597	     4.8354	    47.5238	
    12.0704	     4.7783	    48.5368	
    12.2811	     4.5220	    49.5185	
    12.4917	     4.3278	    50.4501	
    12.7024	     4.0975	    51.3363	
    12.9131	     4.0067	    52.1898	
    13.1237	     3.7972	    53.0125	
    13.3344	     3.6915	    53.7993	
    13.5451	     3.5799	    54.5671	
    13.7557	     3.3833	    55.3002	
    13.9664	     3.2586	    55.9997	
    14.1770	     3.0638	    56.6668	
    14.3877	     2.8594	    57.2902	
    14.5984	     2.6391	    57.8700	
    14.8090	     2.4193	    58.4018	
    15.0197	     2.2766	    58.8969	
    15.2304	     2.0089	    59.3494	
    15.4410	     1.8008	    59.7489	
    15.6517	     1.6661	    60.1132	
    15.8624	     1.5704	    60.4538	
    16.0730	     1.4541	    60.7731	
    16.2837	     1.3129	    61.0642	
    16.4943	     1.2162	    61.3301	
    16.7050	     1.1236	    61.5770	
    16.9157	     1.0335	    61.8035	
    17.1263	     0.9703	    62.0150	
    17.3370	     0.8381	    62.2058	
    17.5477	     0.7567	    62.3727	
    17.7583	     0.7048	    62.5267	
    17.9690	     0.6345	    62.6684	
    18.1797	     0.5627	    62.7932	
    18.3903	     0.5703	    62.9124	
    18.6010	     0.5194	    63.0288	
    18.8117	     0.4630	    63.1303	
    19.0223	     0.4417	    63.2265	
    19.2330	     0.3904	    63.3136	
    19.4436	     0.3775	    63.3946	
    19.6543	     0.3516	    63.4700	
    19.8650	     0.3148	    63.5427	
    20.0756	     0.2808	    63.6055	
    20.2863	     0.2524	    63.6590	
    20.4970	     0.2203	    63.7121	
    20.7076	     0.1881	    63.7539	
    20.9183	     0.1903	    63.7937	
    21.1290	     0.1713	    63.8293	
    21.3396	     0.1318	    63.8594	
    21.5503	     0.1192	    63.8976	
    21.7609	     0.0998	    63.9114	
    21.9716	     0.0752	    63.9240	
    22.1823	     0.0513	    63.9489	
    22.3929	     0.0464	    63.9602	
    22.6036	     0.0337	    63.9568	
    22.8143	     0.0255	    63.9681	
    23.0249	     0.0194	    63.9786	
    23.2356	     0.0162	    63.9812	
    23.4463	     0.0123	    63.9694	
    23.6569	     0.0069	    63.9818	
    23.8676	     0.0065	    64.0000	
