     1.5793	     0.0001	     0.0000	
     1.7889	     0.0461	     0.0010	
     1.9986	     0.4608	     0.0493	
     2.2082	     0.9202	     0.1954	
     2.4178	     1.3047	     0.4295	
     2.6275	     1.6534	     0.7405	
     2.8371	     1.9243	     1.1171	
     3.0468	     2.1481	     1.5433	
     3.2564	     2.5055	     2.0277	
     3.4661	     2.9793	     2.6039	
     3.6757	     3.2321	     3.2588	
     3.8854	     3.3915	     3.9531	
     4.0950	     3.5503	     4.6820	
     4.3046	     3.5878	     5.4316	
     4.5143	     3.6874	     6.1904	
     4.7239	     4.0289	     6.9969	
     4.9336	     4.3610	     7.8773	
     5.1432	     4.6521	     8.8235	
     5.3529	     4.8371	     9.8190	
     5.5625	     5.0667	    10.8555	
     5.7721	     5.3494	    11.9481	
     5.9818	     5.5507	    13.0909	
     6.1914	     5.7870	    14.2800	
     6.4011	     5.9419	    15.5091	
     6.6107	     6.2195	    16.7825	
     6.8204	     6.4448	    18.1120	
     7.0300	     6.5949	    19.4788	
     7.2397	     6.7911	    20.8818	
     7.4493	     6.9131	    22.3206	
     7.6589	     6.9133	    23.7711	
     7.8686	     6.8990	    25.2190	
     8.0782	     6.8725	    26.6624	
     8.2879	     6.8965	    28.1042	
     8.4975	     6.9499	    29.5576	
     8.7072	     6.8337	    31.0031	
     8.9168	     6.8400	    32.4342	
     9.1264	     6.8429	    33.8704	
     9.3361	     6.7460	    35.2948	
     9.5457	     6.7182	    36.7061	
     9.7554	     6.6310	    38.1051	
     9.9650	     6.6357	    39.4951	
    10.1747	     6.5974	    40.8823	
    10.3843	     6.5639	    42.2651	
    10.5940	     6.2194	    43.6083	
    10.8036	     5.9305	    44.8780	
    11.0132	     5.8438	    46.1109	
    11.2229	     5.6890	    47.3230	
    11.4325	     5.4171	    48.4856	
    11.6422	     5.2952	    49.6083	
    11.8518	     5.0390	    50.6940	
    12.0615	     4.7399	    51.7192	
    12.2711	     4.4722	    52.6834	
    12.4808	     4.2855	    53.6017	
    12.6904	     3.9630	    54.4675	
    12.9000	     3.6828	    55.2677	
    13.1097	     3.4512	    56.0146	
    13.3193	     3.2702	    56.7190	
    13.5290	     3.0812	    57.3842	
    13.7386	     2.9206	    58.0137	
    13.9483	     2.6968	    58.6027	
    14.1579	     2.5417	    59.1519	
    14.3675	     2.3100	    59.6611	
    14.5772	     2.0933	    60.1220	
    14.7868	     1.9031	    60.5412	
    14.9965	     1.7106	    60.9200	
    15.2061	     1.5285	    61.2584	
    15.4158	     1.3936	    61.5648	
    15.6254	     1.2337	    61.8401	
    15.8351	     1.1237	    62.0867	
    16.0447	     1.0074	    62.3101	
    16.2543	     0.9177	    62.5113	
    16.4640	     0.8350	    62.6951	
    16.6736	     0.7367	    62.8604	
    16.8833	     0.6284	    63.0030	
    17.0929	     0.5668	    63.1279	
    17.3026	     0.4932	    63.2395	
    17.5122	     0.3977	    63.3328	
    17.7219	     0.3478	    63.4098	
    17.9315	     0.3039	    63.4789	
    18.1411	     0.2579	    63.5368	
    18.3508	     0.2330	    63.5889	
    18.5604	     0.2123	    63.6355	
    18.7701	     0.1905	    63.6763	
    18.9797	     0.1958	    63.7187	
    19.1894	     0.1683	    63.7554	
    19.3990	     0.1652	    63.7901	
    19.6086	     0.1392	    63.8241	
    19.8183	     0.1181	    63.8477	
    20.0279	     0.1202	    63.8758	
    20.2376	     0.1027	    63.8986	
    20.4472	     0.0803	    63.9152	
    20.6569	     0.0765	    63.9381	
    20.8665	     0.0646	    63.9451	
    21.0762	     0.0563	    63.9585	
    21.2858	     0.0462	    63.9785	
    21.4954	     0.0319	    63.9778	
    21.7051	     0.0226	    63.9795	
    21.9147	     0.0193	    63.9959	
    22.1244	     0.0172	    63.9944	
    22.3340	     0.0134	    63.9935	
    22.5437	     0.0091	    64.0001	
    22.7533	     0.0085	    64.0021	
    22.9630	     0.0081	    64.0043	
    23.1726	     0.0052	    64.0014	
    23.3822	     0.0021	    64.0046	
    23.5919	     0.0013	    64.0104	
    23.8015	     0.0021	    64.0000	
