     0.8854	     0.0001	     0.0000	
     1.0921	     0.6047	     0.0603	
     1.2987	     0.0000	     0.1338	
     1.5054	     0.0000	     0.1230	
     1.7120	     0.0058	     0.1245	
     1.9186	     0.2845	     0.1472	
     2.1253	     0.7874	     0.2605	
     2.3319	     0.9384	     0.4425	
     2.5386	     1.1129	     0.6539	
     2.7452	     1.4117	     0.9055	
     2.9518	     2.3573	     1.2926	
     3.1585	     2.8227	     1.8377	
     3.3651	     2.9994	     2.4416	
     3.5718	     3.0622	     3.0693	
     3.7784	     3.0681	     3.7037	
     3.9850	     3.0294	     4.3334	
     4.1917	     3.0753	     4.9623	
     4.3983	     3.1996	     5.6098	
     4.6050	     3.3774	     6.2875	
     4.8116	     3.6781	     7.0156	
     5.0182	     3.9728	     7.8055	
     5.2249	     4.3326	     8.6636	
     5.4315	     4.6215	     9.5899	
     5.6382	     4.9043	    10.5733	
     5.8448	     5.2227	    11.6202	
     6.0514	     5.4336	    12.7234	
     6.2581	     5.5826	    13.8614	
     6.4647	     5.7373	    15.0326	
     6.6714	     5.7581	    16.2205	
     6.8780	     5.8778	    17.4215	
     7.0846	     5.9709	    18.6466	
     7.2913	     6.0623	    19.8895	
     7.4979	     6.1909	    21.1543	
     7.7046	     6.3789	    22.4530	
     7.9112	     6.5006	    23.7850	
     8.1178	     6.5926	    25.1376	
     8.3245	     6.7010	    26.5115	
     8.5311	     6.7722	    27.9033	
     8.7378	     6.8736	    29.3140	
     8.9444	     6.8520	    30.7338	
     9.1510	     6.8246	    32.1461	
     9.3577	     6.8211	    33.5568	
     9.5643	     6.7314	    34.9579	
     9.7710	     6.6413	    36.3394	
     9.9776	     6.5147	    37.7006	
    10.1842	     6.3350	    39.0257	
    10.3909	     6.3435	    40.3365	
    10.5975	     6.1485	    41.6281	
    10.8042	     6.1012	    42.8911	
    11.0108	     6.0279	    44.1460	
    11.2174	     5.8904	    45.3799	
    11.4241	     5.6067	    46.5675	
    11.6307	     5.4070	    47.7052	
    11.8374	     5.1651	    48.7976	
    12.0440	     4.9847	    49.8460	
    12.2506	     4.7143	    50.8490	
    12.4573	     4.5135	    51.8011	
    12.6639	     4.3564	    52.7182	
    12.8706	     4.1021	    53.5921	
    13.0772	     3.8843	    54.4162	
    13.2838	     3.7119	    55.2011	
    13.4905	     3.5563	    55.9528	
    13.6971	     3.3340	    56.6642	
    13.9038	     3.1508	    57.3342	
    14.1104	     2.9203	    57.9613	
    14.3170	     2.7667	    58.5503	
    14.5237	     2.4939	    59.0938	
    14.7303	     2.3480	    59.5918	
    14.9370	     2.1681	    60.0596	
    15.1436	     1.9477	    60.4842	
    15.3502	     1.8065	    60.8721	
    15.5569	     1.6344	    61.2291	
    15.7635	     1.4463	    61.5459	
    15.9702	     1.3283	    61.8320	
    16.1768	     1.1803	    62.0912	
    16.3834	     1.0663	    62.3226	
    16.5901	     0.9562	    62.5323	
    16.7967	     0.8331	    62.7171	
    17.0034	     0.7529	    62.8805	
    17.2100	     0.6680	    63.0271	
    17.4166	     0.5861	    63.1567	
    17.6233	     0.4945	    63.2682	
    17.8299	     0.4190	    63.3623	
    18.0366	     0.3847	    63.4453	
    18.2432	     0.3508	    63.5206	
    18.4498	     0.2950	    63.5879	
    18.6565	     0.2701	    63.6455	
    18.8631	     0.2495	    63.6979	
    19.0698	     0.2188	    63.7497	
    19.2764	     0.1979	    63.7902	
    19.4830	     0.1635	    63.8294	
    19.6897	     0.1381	    63.8591	
    19.8963	     0.1115	    63.8849	
    20.1030	     0.0987	    63.9085	
    20.3096	     0.0776	    63.9241	
    20.5162	     0.0679	    63.9389	
    20.7229	     0.0548	    63.9538	
    20.9295	     0.0400	    63.9641	
    21.1362	     0.0373	    63.9658	
    21.3428	     0.0298	    63.9801	
    21.5494	     0.0182	    63.9858	
    21.7561	     0.0125	    63.9797	
    21.9627	     0.0114	    63.9857	
    22.1694	     0.0094	    64.0029	
    22.3760	     0.0040	    63.9835	
    22.5826	     0.0005	    63.9832	
    22.7893	     0.0008	    64.0000	
