     0.9040	     0.0004	     0.0000	
     1.1023	     2.5221	     0.2411	
     1.3005	     0.0000	     0.5358	
     1.4987	     0.0000	     0.4905	
     1.6969	     0.0046	     0.5022	
     1.8952	     0.1632	     0.5113	
     2.0934	     0.5661	     0.5827	
     2.2916	     0.8904	     0.7301	
     2.4899	     1.0427	     0.9228	
     2.6881	     1.2259	     1.1473	
     2.8863	     1.4298	     1.4082	
     3.0846	     1.8119	     1.7291	
     3.2828	     2.0438	     2.1139	
     3.4810	     2.1903	     2.5351	
     3.6793	     2.2453	     2.9747	
     3.8775	     2.3214	     3.4293	
     4.0757	     2.1591	     3.8763	
     4.2739	     2.0392	     4.2888	
     4.4722	     2.1770	     4.7035	
     4.6704	     2.3531	     5.1539	
     4.8686	     2.4567	     5.6298	
     5.0669	     2.6678	     6.1380	
     5.2651	     2.7556	     6.6761	
     5.4633	     2.9679	     7.2407	
     5.6616	     3.2168	     7.8559	
     5.8598	     3.2701	     8.5005	
     6.0580	     3.3213	     9.1548	
     6.2562	     3.2497	     9.8064	
     6.4545	     3.2605	    10.4514	
     6.6527	     3.1939	    11.0919	
     6.8509	     3.1323	    11.7197	
     7.0492	     3.0124	    12.3275	
     7.2474	     3.0586	    12.9280	
     7.4456	     3.0565	    13.5346	
     7.6439	     3.1073	    14.1441	
     7.8421	     3.1968	    14.7697	
     8.0403	     3.1939	    15.4047	
     8.2386	     3.1469	    16.0329	
     8.4368	     3.1331	    16.6547	
     8.6350	     3.1265	    17.2759	
     8.8332	     3.0790	    17.8911	
     9.0315	     3.0536	    18.4987	
     9.2297	     3.0195	    19.1003	
     9.4279	     3.0112	    19.6981	
     9.6262	     2.9533	    20.2900	
     9.8244	     2.8821	    20.8682	
    10.0226	     2.8014	    21.4315	
    10.2209	     2.8130	    21.9859	
    10.4191	     2.8596	    22.5503	
    10.6173	     2.6915	    23.1020	
    10.8155	     2.6486	    23.6285	
    11.0138	     2.5949	    24.1511	
    11.2120	     2.4072	    24.6477	
    11.4102	     2.2286	    25.1060	
    11.6085	     2.1250	    25.5368	
    11.8067	     2.0688	    25.9518	
    12.0049	     1.9576	    26.3535	
    12.2032	     1.7237	    26.7179	
    12.4014	     1.6288	    27.0482	
    12.5996	     1.5830	    27.3660	
    12.7979	     1.5597	    27.6782	
    12.9961	     1.4448	    27.9757	
    13.1943	     1.4178	    28.2602	
    13.3925	     1.2550	    28.5261	
    13.5908	     1.2080	    28.7671	
    13.7890	     1.2221	    29.0099	
    13.9872	     1.0702	    29.2378	
    14.1855	     1.0273	    29.4449	
    14.3837	     0.9266	    29.6388	
    14.5819	     0.8862	    29.8173	
    14.7802	     0.8725	    29.9915	
    14.9784	     0.8296	    30.1606	
    15.1766	     0.7680	    30.3189	
    15.3748	     0.7114	    30.4656	
    15.5731	     0.6860	    30.6036	
    15.7713	     0.6893	    30.7396	
    15.9695	     0.6793	    30.8758	
    16.1678	     0.6377	    31.0075	
    16.3660	     0.5349	    31.1235	
    16.5642	     0.5045	    31.2258	
    16.7625	     0.4545	    31.3213	
    16.9607	     0.4021	    31.4056	
    17.1589	     0.3846	    31.4842	
    17.3571	     0.3109	    31.5527	
    17.5554	     0.2818	    31.6110	
    17.7536	     0.2539	    31.6649	
    17.9518	     0.2227	    31.7094	
    18.1501	     0.2260	    31.7574	
    18.3483	     0.1732	    31.7938	
    18.5465	     0.1415	    31.8285	
    18.7448	     0.1261	    31.8523	
    18.9430	     0.1378	    31.8786	
    19.1412	     0.1120	    31.9062	
    19.3395	     0.0728	    31.9203	
    19.5377	     0.0778	    31.9399	
    19.7359	     0.0524	    31.9527	
    19.9341	     0.0404	    31.9564	
    20.1324	     0.0387	    31.9650	
    20.3306	     0.0262	    31.9799	
    20.5288	     0.0329	    31.9762	
    20.7271	     0.0254	    31.9821	
    20.9253	     0.0167	    31.9953	
    21.1235	     0.0175	    31.9853	
    21.3218	     0.0146	    31.9980	
    21.5200	     0.0216	    32.0029	
    21.7182	     0.0017	    31.9987	
    21.9164	     0.0012	    32.0000	
