     1.5826	     0.0002	     0.0000	
     1.7797	     0.0450	     0.0013	
     1.9769	     0.3914	     0.0408	
     2.1741	     0.7545	     0.1554	
     2.3713	     0.9891	     0.3298	
     2.5685	     1.1301	     0.5381	
     2.7657	     1.3949	     0.7855	
     2.9628	     1.7050	     1.0896	
     3.1600	     2.1075	     1.4663	
     3.3572	     2.3059	     1.9053	
     3.5544	     2.3596	     2.3660	
     3.7516	     2.4092	     2.8366	
     3.9488	     2.3653	     3.3096	
     4.1459	     2.2328	     3.7623	
     4.3431	     2.2569	     4.2019	
     4.5403	     2.3912	     4.6598	
     4.7375	     2.5204	     5.1435	
     4.9347	     2.7045	     5.6587	
     5.1319	     2.8389	     6.2054	
     5.3290	     3.0019	     6.7815	
     5.5262	     3.1325	     7.3852	
     5.7234	     3.3558	     8.0264	
     5.9206	     3.3422	     8.6890	
     6.1178	     3.3782	     9.3502	
     6.3149	     3.4211	    10.0212	
     6.5121	     3.4249	    10.6964	
     6.7093	     3.4305	    11.3723	
     6.9065	     3.4416	    12.0492	
     7.1037	     3.4864	    12.7329	
     7.3009	     3.4546	    13.4174	
     7.4980	     3.4531	    14.0994	
     7.6952	     3.3510	    14.7696	
     7.8924	     3.4090	    15.4347	
     8.0896	     3.3740	    16.1063	
     8.2868	     3.2652	    16.7591	
     8.4840	     3.3092	    17.4077	
     8.6811	     3.1989	    18.0494	
     8.8783	     3.2294	    18.6833	
     9.0755	     3.0718	    19.3061	
     9.2727	     3.0187	    19.9046	
     9.4699	     2.9735	    20.4965	
     9.6670	     2.8625	    21.0721	
     9.8642	     2.7749	    21.6274	
    10.0614	     2.6570	    22.1639	
    10.2586	     2.5380	    22.6752	
    10.4558	     2.5011	    23.1706	
    10.6530	     2.4588	    23.6612	
    10.8501	     2.3477	    24.1348	
    11.0473	     2.3111	    24.5939	
    11.2445	     2.1962	    25.0390	
    11.4417	     2.1104	    25.4630	
    11.6389	     2.0166	    25.8703	
    11.8361	     1.9001	    26.2575	
    12.0332	     1.7446	    26.6153	
    12.2304	     1.7475	    26.9587	
    12.4276	     1.6609	    27.2958	
    12.6248	     1.6113	    27.6185	
    12.8220	     1.5125	    27.9263	
    13.0191	     1.4687	    28.2196	
    13.2163	     1.3836	    28.5024	
    13.4135	     1.2519	    28.7617	
    13.6107	     1.2023	    29.0029	
    13.8079	     1.1243	    29.2325	
    14.0051	     1.0839	    29.4502	
    14.2022	     0.9997	    29.6563	
    14.3994	     0.9045	    29.8433	
    14.5966	     0.8545	    30.0170	
    14.7938	     0.7739	    30.1773	
    14.9910	     0.7578	    30.3279	
    15.1882	     0.6961	    30.4716	
    15.3853	     0.6481	    30.6032	
    15.5825	     0.6412	    30.7311	
    15.7797	     0.5546	    30.8498	
    15.9769	     0.5056	    30.9532	
    16.1741	     0.4939	    31.0511	
    16.3713	     0.4876	    31.1485	
    16.5684	     0.4405	    31.2399	
    16.7656	     0.4399	    31.3265	
    16.9628	     0.3964	    31.4094	
    17.1600	     0.3870	    31.4864	
    17.3572	     0.3512	    31.5602	
    17.5543	     0.2834	    31.6221	
    17.7515	     0.2681	    31.6753	
    17.9487	     0.2331	    31.7266	
    18.1459	     0.1925	    31.7669	
    18.3431	     0.1704	    31.8027	
    18.5403	     0.1526	    31.8352	
    18.7374	     0.1415	    31.8638	
    18.9346	     0.1199	    31.8893	
    19.1318	     0.0952	    31.9117	
    19.3290	     0.0877	    31.9292	
    19.5262	     0.0735	    31.9453	
    19.7234	     0.0538	    31.9565	
    19.9205	     0.0490	    31.9670	
    20.1177	     0.0333	    31.9777	
    20.3149	     0.0303	    31.9800	
    20.5121	     0.0358	    31.9857	
    20.7093	     0.0285	    31.9985	
    20.9064	     0.0188	    31.9981	
    21.1036	     0.0157	    32.0007	
    21.3008	     0.0117	    32.0084	
    21.4980	     0.0073	    32.0082	
    21.6952	     0.0033	    32.0022	
    21.8924	     0.0023	    32.0104	
    22.0895	     0.0013	    32.0164	
    22.2867	     0.0006	    32.0076	
    22.4839	     0.0013	    32.0000	
