     1.5977	     0.0001	     0.0000	
     1.7996	     0.0293	     0.0001	
     2.0015	     0.3793	     0.0365	
     2.2035	     0.8257	     0.1593	
     2.4054	     1.1567	     0.3609	
     2.6073	     1.4621	     0.6254	
     2.8092	     1.7413	     0.9493	
     3.0111	     1.9938	     1.3270	
     3.2130	     2.2126	     1.7517	
     3.4149	     2.4307	     2.2213	
     3.6168	     2.5563	     2.7260	
     3.8187	     2.6216	     3.2505	
     4.0206	     2.5795	     3.7755	
     4.2225	     2.6205	     4.3002	
     4.4244	     2.5959	     4.8271	
     4.6263	     2.6649	     5.3558	
     4.8282	     2.8201	     5.9096	
     5.0301	     2.9661	     6.4920	
     5.2320	     3.2343	     7.1191	
     5.4339	     3.3031	     7.7800	
     5.6358	     3.4789	     8.4645	
     5.8377	     3.5281	     9.1728	
     6.0396	     3.6119	     9.8945	
     6.2415	     3.5575	    10.6190	
     6.4434	     3.5752	    11.3385	
     6.6454	     3.5107	    12.0560	
     6.8473	     3.3952	    12.7518	
     7.0492	     3.4006	    13.4374	
     7.2511	     3.3143	    14.1169	
     7.4530	     3.2321	    14.7765	
     7.6549	     3.2358	    15.4283	
     7.8568	     3.2398	    16.0836	
     8.0587	     3.1323	    16.7272	
     8.2606	     3.0730	    17.3539	
     8.4625	     2.9583	    17.9621	
     8.6644	     2.9667	    18.5593	
     8.8663	     2.9082	    19.1538	
     9.0682	     2.8273	    19.7327	
     9.2701	     2.7438	    20.2953	
     9.4720	     2.6626	    20.8407	
     9.6739	     2.6086	    21.3729	
     9.8758	     2.5227	    21.8909	
    10.0777	     2.4499	    22.3937	
    10.2796	     2.3465	    22.8773	
    10.4815	     2.2885	    23.3444	
    10.6834	     2.2328	    23.8017	
    10.8854	     2.1933	    24.2473	
    11.0873	     2.1888	    24.6903	
    11.2892	     2.0907	    25.1232	
    11.4911	     2.0076	    25.5366	
    11.6930	     1.9661	    25.9367	
    11.8949	     1.9061	    26.3297	
    12.0968	     1.7454	    26.6981	
    12.2987	     1.6767	    27.0422	
    12.5006	     1.6129	    27.3745	
    12.7025	     1.5606	    27.6950	
    12.9044	     1.4813	    28.0019	
    13.1063	     1.4283	    28.2958	
    13.3082	     1.3357	    28.5759	
    13.5101	     1.2309	    28.8337	
    13.7120	     1.2061	    29.0796	
    13.9139	     1.1145	    29.3144	
    14.1158	     1.0721	    29.5350	
    14.3177	     0.9864	    29.7429	
    14.5196	     0.9336	    29.9364	
    14.7215	     0.8670	    30.1182	
    14.9234	     0.8133	    30.2879	
    15.1253	     0.7380	    30.4447	
    15.3273	     0.6778	    30.5872	
    15.5292	     0.6187	    30.7184	
    15.7311	     0.5655	    30.8375	
    15.9330	     0.5322	    30.9482	
    16.1349	     0.4919	    31.0518	
    16.3368	     0.4469	    31.1464	
    16.5387	     0.4152	    31.2331	
    16.7406	     0.3986	    31.3155	
    16.9425	     0.3565	    31.3919	
    17.1444	     0.3314	    31.4609	
    17.3463	     0.3115	    31.5260	
    17.5482	     0.2835	    31.5860	
    17.7501	     0.2486	    31.6397	
    17.9520	     0.2269	    31.6882	
    18.1539	     0.1923	    31.7297	
    18.3558	     0.1571	    31.7656	
    18.5577	     0.1412	    31.7954	
    18.7596	     0.1225	    31.8221	
    18.9615	     0.1110	    31.8447	
    19.1634	     0.1054	    31.8685	
    19.3653	     0.0850	    31.8864	
    19.5672	     0.0794	    31.9021	
    19.7692	     0.0663	    31.9187	
    19.9711	     0.0658	    31.9302	
    20.1730	     0.0497	    31.9440	
    20.3749	     0.0462	    31.9517	
    20.5768	     0.0384	    31.9595	
    20.7787	     0.0370	    31.9715	
    20.9806	     0.0278	    31.9737	
    21.1825	     0.0245	    31.9798	
    21.3844	     0.0199	    31.9857	
    21.5863	     0.0199	    31.9877	
    21.7882	     0.0125	    31.9925	
    21.9901	     0.0078	    31.9945	
    22.1920	     0.0078	    31.9973	
    22.3939	     0.0040	    31.9950	
    22.5958	     0.0037	    31.9947	
    22.7977	     0.0018	    32.0017	
    22.9996	     0.0005	    32.0000	
