     0.8855	     0.0001	     0.0000	
     1.1085	     0.5604	     0.0603	
     1.3315	     0.0000	     0.1338	
     1.5545	     0.0000	     0.1231	
     1.7775	     0.0218	     0.1250	
     2.0005	     0.3508	     0.1611	
     2.2235	     0.7046	     0.2824	
     2.4464	     0.8185	     0.4550	
     2.6694	     1.0192	     0.6536	
     2.8924	     1.6339	     0.9439	
     3.1154	     2.2386	     1.3815	
     3.3384	     2.4127	     1.9066	
     3.5614	     2.4382	     2.4479	
     3.7844	     2.4294	     2.9927	
     4.0074	     2.2900	     3.5192	
     4.2303	     2.2580	     4.0242	
     4.4533	     2.2790	     4.5291	
     4.6763	     2.3828	     5.0471	
     4.8993	     2.5377	     5.5963	
     5.1223	     2.6324	     6.1725	
     5.3453	     2.8158	     6.7785	
     5.5683	     3.0152	     7.4289	
     5.7913	     3.1847	     8.1213	
     6.0142	     3.2632	     8.8422	
     6.2372	     3.2666	     9.5704	
     6.4602	     3.2930	    10.3019	
     6.6832	     3.2837	    11.0351	
     6.9062	     3.3225	    11.7708	
     7.1292	     3.3602	    12.5167	
     7.3522	     3.3445	    13.2650	
     7.5752	     3.3267	    14.0081	
     7.7981	     3.3459	    14.7518	
     8.0211	     3.3534	    15.4991	
     8.2441	     3.3318	    16.2456	
     8.4671	     3.2479	    16.9792	
     8.6901	     3.2368	    17.7004	
     8.9131	     3.2559	    18.4257	
     9.1361	     3.1714	    19.1428	
     9.3591	     3.1426	    19.8460	
     9.5820	     3.0847	    20.5415	
     9.8050	     2.9939	    21.2187	
    10.0280	     2.9267	    21.8799	
    10.2510	     2.7533	    22.5137	
    10.4740	     2.6682	    23.1166	
    10.6970	     2.5661	    23.7011	
    10.9200	     2.4596	    24.2613	
    11.1430	     2.3684	    24.7988	
    11.3659	     2.3073	    25.3207	
    11.5889	     2.1886	    25.8217	
    11.8119	     2.1324	    26.3036	
    12.0349	     2.0182	    26.7667	
    12.2579	     1.9330	    27.2072	
    12.4809	     1.8085	    27.6248	
    12.7039	     1.6791	    28.0138	
    12.9268	     1.5433	    28.3734	
    13.1498	     1.3823	    28.6998	
    13.3728	     1.2358	    28.9904	
    13.5958	     1.1568	    29.2573	
    13.8188	     1.0394	    29.5025	
    14.0418	     0.9386	    29.7223	
    14.2648	     0.8588	    29.9219	
    14.4878	     0.8265	    30.1100	
    14.7107	     0.7474	    30.2855	
    14.9337	     0.7072	    30.4474	
    15.1567	     0.6549	    30.5994	
    15.3797	     0.6281	    30.7428	
    15.6027	     0.5511	    30.8744	
    15.8257	     0.4965	    30.9904	
    16.0487	     0.4532	    31.0965	
    16.2717	     0.4127	    31.1930	
    16.4946	     0.3792	    31.2812	
    16.7176	     0.3470	    31.3624	
    16.9406	     0.2925	    31.4335	
    17.1636	     0.2691	    31.4953	
    17.3866	     0.2710	    31.5560	
    17.6096	     0.2360	    31.6130	
    17.8326	     0.2060	    31.6622	
    18.0556	     0.1767	    31.7046	
    18.2785	     0.1607	    31.7419	
    18.5015	     0.1345	    31.7750	
    18.7245	     0.1072	    31.8017	
    18.9475	     0.0996	    31.8251	
    19.1705	     0.0848	    31.8455	
    19.3935	     0.0783	    31.8638	
    19.6165	     0.0613	    31.8792	
    19.8395	     0.0584	    31.8914	
    20.0624	     0.0542	    31.9052	
    20.2854	     0.0493	    31.9170	
    20.5084	     0.0429	    31.9259	
    20.7314	     0.0324	    31.9346	
    20.9544	     0.0266	    31.9434	
    21.1774	     0.0268	    31.9471	
    21.4004	     0.0205	    31.9535	
    21.6234	     0.0193	    31.9565	
    21.8463	     0.0200	    31.9621	
    22.0693	     0.0155	    31.9664	
    22.2923	     0.0183	    31.9686	
    22.5153	     0.0141	    31.9726	
    22.7383	     0.0135	    31.9756	
    22.9613	     0.0175	    31.9831	
    23.1843	     0.0170	    31.9822	
    23.4072	     0.0133	    31.9824	
    23.6302	     0.0099	    31.9923	
    23.8532	     0.0084	    31.9979	
    24.0762	     0.0077	    31.9870	
    24.2992	     0.0049	    31.9902	
    24.5222	     0.0022	    32.0000	
