0.392737 	 0.00765381
0.392852 	 0.0152682
0.393043 	 0.0228423
0.393309 	 0.0303749
0.39365 	 0.0378651
0.394066 	 0.0453119
0.394556 	 0.0527143
0.39512 	 0.0600714
0.395757 	 0.0673822
0.396468 	 0.0746457
0.39725 	 0.0818611
0.398105 	 0.0890273
0.39903 	 0.0961435
0.400027 	 0.103209
0.401094 	 0.110222
0.402232 	 0.117183
0.403438 	 0.12409
0.404713 	 0.130942
0.406057 	 0.13774
0.407468 	 0.144481
0.408946 	 0.151165
0.410491 	 0.157791
0.412102 	 0.164358
0.413778 	 0.170866
0.415519 	 0.177314
0.417324 	 0.183701
0.419193 	 0.190026
0.421124 	 0.196289
0.423118 	 0.202488
0.425174 	 0.208623
0.42729 	 0.214693
0.429467 	 0.220698
0.431704 	 0.226637
0.434 	 0.232509
0.436354 	 0.238313
0.438766 	 0.244049
0.441235 	 0.249717
0.44376 	 0.255315
0.446341 	 0.260842
0.448977 	 0.2663
0.451667 	 0.271685
0.45441 	 0.276999
0.457206 	 0.282241
0.460055 	 0.287409
0.462954 	 0.292504
0.465905 	 0.297525
0.468905 	 0.302471
0.471954 	 0.307342
0.475051 	 0.312137
0.478196 	 0.316857
0.481388 	 0.321499
0.484626 	 0.326065
0.487909 	 0.330553
0.491237 	 0.334963
0.494608 	 0.339294
0.498022 	 0.343547
0.501479 	 0.34772
0.504977 	 0.351814
0.508515 	 0.355828
0.512093 	 0.359762
0.51571 	 0.363615
0.519365 	 0.367387
0.523057 	 0.371077
0.526786 	 0.374686
0.530551 	 0.378213
0.53435 	 0.381658
0.538184 	 0.38502
0.54205 	 0.3883
0.545949 	 0.391496
0.54988 	 0.394609
0.553841 	 0.397639
0.557832 	 0.400585
0.561853 	 0.403447
0.565901 	 0.406225
0.569977 	 0.408919
0.574079 	 0.411528
0.578207 	 0.414053
0.58236 	 0.416492
0.586537 	 0.418848
0.590737 	 0.421118
0.594959 	 0.423303
0.599202 	 0.425402
0.603467 	 0.427417
0.60775 	 0.429346
0.612053 	 0.43119
0.616374 	 0.432948
0.620712 	 0.434621
0.625066 	 0.436208
0.629436 	 0.43771
0.63382 	 0.439126
0.638218 	 0.440457
0.642629 	 0.441702
0.647052 	 0.442862
0.651486 	 0.443936
0.65593 	 0.444925
0.660384 	 0.445828
0.664846 	 0.446646
0.669317 	 0.447379
0.673794 	 0.448027
0.678277 	 0.44859
0.682765 	 0.449067
0.687258 	 0.44946
0.691754 	 0.449769
0.696253 	 0.449992
0.700754 	 0.450132
0.705255 	 0.450187
0.709757 	 0.450157
0.714258 	 0.450044
0.718758 	 0.449847
0.723255 	 0.449567
0.727749 	 0.449203
0.732239 	 0.448756
0.736724 	 0.448226
0.741203 	 0.447613
0.745676 	 0.446918
0.750141 	 0.44614
0.754598 	 0.44528
0.759046 	 0.444338
0.763485 	 0.443315
0.767912 	 0.44221
0.772329 	 0.441024
0.776733 	 0.439758
0.781123 	 0.438411
0.785501 	 0.436983
0.789863 	 0.435476
0.79421 	 0.433889
0.79854 	 0.432223
0.802854 	 0.430477
0.80715 	 0.428653
0.811427 	 0.42675
0.815684 	 0.42477
0.819922 	 0.422711
0.824138 	 0.420575
0.828333 	 0.418362
0.832505 	 0.416073
0.836654 	 0.413706
0.840779 	 0.411264
0.844879 	 0.408746
0.848954 	 0.406153
0.853002 	 0.403485
0.857023 	 0.400742
0.861017 	 0.397924
0.864982 	 0.395033
0.868917 	 0.392069
0.872823 	 0.389031
0.876698 	 0.385921
0.880541 	 0.382738
0.884352 	 0.379483
0.88813 	 0.376157
0.891875 	 0.37276
0.895585 	 0.369292
0.899261 	 0.365753
0.9029 	 0.362145
0.906503 	 0.358467
0.910069 	 0.35472
0.913597 	 0.350904
0.917087 	 0.34702
0.920538 	 0.343068
0.923948 	 0.339048
0.927318 	 0.334962
0.930647 	 0.330808
0.933934 	 0.326589
0.937179 	 0.322304
0.94038 	 0.317953
0.943538 	 0.313538
0.946651 	 0.309058
0.949719 	 0.304514
0.952741 	 0.299907
0.955717 	 0.295236
0.958645 	 0.290502
0.961526 	 0.285706
0.964359 	 0.280849
0.967143 	 0.27593
0.969878 	 0.270949
0.972562 	 0.265909
0.975196 	 0.260808
0.977778 	 0.255647
0.980308 	 0.250428
0.982786 	 0.245149
0.985211 	 0.239812
0.987582 	 0.234418
0.989899 	 0.228965
0.992161 	 0.223456
0.994368 	 0.217891
0.996519 	 0.212269
0.998613 	 0.206592
1.00065 	 0.200859
1.00263 	 0.195072
1.00455 	 0.18923
1.00641 	 0.183335
1.00822 	 0.177386
1.00996 	 0.171385
1.01165 	 0.165331
1.01327 	 0.159225
1.01483 	 0.153068
1.01633 	 0.146859
1.01777 	 0.1406
1.01914 	 0.134291
1.02045 	 0.127932
1.0217 	 0.121524
1.02288 	 0.115068
1.024 	 0.108563
1.02505 	 0.10201
1.02604 	 0.0954104
1.02696 	 0.0887637
1.02782 	 0.0820707
1.0286 	 0.0753319
1.02932 	 0.0685477
1.02997 	 0.0617187
1.03056 	 0.0548452
1.03107 	 0.0479279
1.03152 	 0.0409672
1.03189 	 0.0339635
1.03219 	 0.0269175
1.03243 	 0.0198295
1.03259 	 0.0127001
1.03268 	 0.00552982
1.0327 	 -0.00168089
1.03265 	 -0.0089315
1.03252 	 -0.0162215
1.03232 	 -0.0235504
1.03205 	 -0.0309176
1.03171 	 -0.0383226
1.03129 	 -0.045765
1.03079 	 -0.0532441
1.03022 	 -0.0607595
1.02958 	 -0.0683106
1.02885 	 -0.0758969
1.02806 	 -0.0835178
1.02718 	 -0.0911729
1.02623 	 -0.0988614
1.02521 	 -0.106583
1.0241 	 -0.114337
1.02292 	 -0.122123
1.02166 	 -0.12994
1.02032 	 -0.137788
1.0189 	 -0.145666
1.01741 	 -0.153573
1.01583 	 -0.16151
1.01418 	 -0.169475
1.01244 	 -0.177467
1.01063 	 -0.185487
1.00873 	 -0.193533
1.00676 	 -0.201606
1.0047 	 -0.209704
1.00256 	 -0.217826
1.00034 	 -0.225973
0.998043 	 -0.234143
0.995661 	 -0.242335
0.993196 	 -0.25055
0.990649 	 -0.258787
0.98802 	 -0.267044
0.985308 	 -0.275322
0.982514 	 -0.283619
0.979636 	 -0.291934
0.976675 	 -0.300268
0.973631 	 -0.30862
0.970503 	 -0.316988
0.967291 	 -0.325372
0.963995 	 -0.333771
0.960615 	 -0.342185
0.957151 	 -0.350613
0.953603 	 -0.359054
0.94997 	 -0.367508
0.946253 	 -0.375973
0.942451 	 -0.384449
0.938564 	 -0.392935
0.934592 	 -0.40143
0.930535 	 -0.409934
0.926393 	 -0.418445
0.922166 	 -0.426964
0.917854 	 -0.435488
0.913456 	 -0.444018
0.908974 	 -0.452553
0.904405 	 -0.461091
0.899752 	 -0.469632
0.895013 	 -0.478175
0.890188 	 -0.486719
0.885278 	 -0.495264
0.880283 	 -0.503808
0.875202 	 -0.51235
0.870036 	 -0.52089
0.864784 	 -0.529427
0.859448 	 -0.537959
0.854025 	 -0.546487
0.848518 	 -0.555008
0.842925 	 -0.563523
0.837247 	 -0.57203
0.831485 	 -0.580528
0.825637 	 -0.589016
0.819704 	 -0.597494
0.813687 	 -0.60596
0.807585 	 -0.614413
0.801399 	 -0.622853
0.795128 	 -0.631279
0.788773 	 -0.639688
0.782334 	 -0.648081
0.775812 	 -0.656457
0.769205 	 -0.664814
0.762515 	 -0.673152
0.755742 	 -0.681468
0.748886 	 -0.689764
0.741947 	 -0.698036
0.734926 	 -0.706285
0.727822 	 -0.714509
0.720635 	 -0.722708
0.713367 	 -0.730879
0.706018 	 -0.739023
0.698587 	 -0.747137
0.691075 	 -0.755222
0.683483 	 -0.763276
0.67581 	 -0.771297
0.668057 	 -0.779285
0.660224 	 -0.787239
0.652312 	 -0.795157
0.644321 	 -0.803039
0.636252 	 -0.810883
0.628104 	 -0.818688
0.619878 	 -0.826454
0.611575 	 -0.834179
0.603195 	 -0.841862
0.594738 	 -0.849501
0.586205 	 -0.857097
0.577596 	 -0.864648
0.568912 	 -0.872152
0.560153 	 -0.879608
0.55132 	 -0.887016
0.542413 	 -0.894375
0.533433 	 -0.901683
0.524379 	 -0.908939
0.515254 	 -0.916142
0.506057 	 -0.923291
0.496788 	 -0.930386
0.487449 	 -0.937424
0.47804 	 -0.944405
0.468561 	 -0.951328
0.459014 	 -0.958192
0.449398 	 -0.964995
0.439714 	 -0.971738
0.429963 	 -0.978417
0.420146 	 -0.985034
0.410263 	 -0.991586
0.400314 	 -0.998073
0.390301 	 -1.00449
0.380225 	 -1.01085
0.370085 	 -1.01713
0.359882 	 -1.02335
0.349618 	 -1.02949
0.339293 	 -1.03557
0.328907 	 -1.04157
0.318462 	 -1.0475
0.307957 	 -1.05335
0.297395 	 -1.05914
0.286775 	 -1.06484
0.276098 	 -1.07047
0.265366 	 -1.07602
0.254578 	 -1.08149
0.243736 	 -1.08689
0.23284 	 -1.0922
0.221892 	 -1.09744
0.210892 	 -1.10259
0.199841 	 -1.10766
0.188739 	 -1.11265
0.177588 	 -1.11755
0.166388 	 -1.12237
0.155141 	 -1.12711
0.143846 	 -1.13176
0.132506 	 -1.13633
0.12112 	 -1.1408
0.10969 	 -1.14519
0.0982166 	 -1.1495
0.0867004 	 -1.15371
0.0751426 	 -1.15784
0.0635439 	 -1.16188
0.0519053 	 -1.16583
0.0402277 	 -1.16968
0.028512 	 -1.17345
0.016759 	 -1.17713
0.00496974 	 -1.18071
-0.00685492 	 -1.18421
-0.0187141 	 -1.18761
-0.0306068 	 -1.19092
-0.0425321 	 -1.19413
-0.0544892 	 -1.19726
-0.066477 	 -1.20029
-0.0784947 	 -1.20323
-0.0905413 	 -1.20608
-0.102616 	 -1.20883
-0.114718 	 -1.21149
-0.126845 	 -1.21405
-0.138998 	 -1.21653
-0.151176 	 -1.2189
-0.163376 	 -1.22119
-0.175599 	 -1.22338
-0.187843 	 -1.22548
-0.200108 	 -1.22748
-0.212393 	 -1.2294
-0.224696 	 -1.23121
-0.237017 	 -1.23294
-0.249354 	 -1.23457
-0.261708 	 -1.23611
-0.274076 	 -1.23756
-0.286459 	 -1.23892
-0.298854 	 -1.24018
-0.311262 	 -1.24135
-0.323681 	 -1.24244
-0.336111 	 -1.24343
-0.348549 	 -1.24433
-0.360997 	 -1.24514
-0.373452 	 -1.24586
-0.385914 	 -1.24649
-0.398382 	 -1.24704
-0.410854 	 -1.2475
-0.423331 	 -1.24786
-0.435811 	 -1.24815
-0.448294 	 -1.24834
-0.460778 	 -1.24845
-0.473263 	 -1.24848
-0.485747 	 -1.24842
-0.498231 	 -1.24828
-0.510712 	 -1.24805
-0.523191 	 -1.24774
-0.535667 	 -1.24735
-0.548138 	 -1.24688
-0.560604 	 -1.24633
-0.573065 	 -1.2457
-0.585518 	 -1.24499
-0.597964 	 -1.2442
-0.610402 	 -1.24334
-0.622831 	 -1.2424
-0.63525 	 -1.24139
-0.647658 	 -1.2403
-0.660055 	 -1.23914
-0.672441 	 -1.2379
-0.684813 	 -1.23659
-0.697172 	 -1.23522
-0.709517 	 -1.23377
-0.721847 	 -1.23225
-0.734162 	 -1.23067
-0.746461 	 -1.22902
-0.758742 	 -1.2273
-0.771006 	 -1.22552
-0.783252 	 -1.22367
-0.79548 	 -1.22177
-0.807688 	 -1.21979
-0.819875 	 -1.21776
-0.832043 	 -1.21567
-0.844189 	 -1.21352
-0.856313 	 -1.21131
-0.868415 	 -1.20905
-0.880494 	 -1.20673
-0.892549 	 -1.20435
-0.90458 	 -1.20192
-0.916587 	 -1.19944
-0.928569 	 -1.1969
-0.940525 	 -1.19432
-0.952455 	 -1.19168
-0.964359 	 -1.189
-0.976235 	 -1.18627
-0.988084 	 -1.1835
-0.999905 	 -1.18067
-1.0117 	 -1.17781
-1.02346 	 -1.1749
-1.0352 	 -1.17195
-1.0469 	 -1.16895
-1.05857 	 -1.16592
-1.07022 	 -1.16285
-1.08183 	 -1.15974
-1.09341 	 -1.15659
-1.10496 	 -1.1534
-1.11648 	 -1.15018
-1.12797 	 -1.14693
-1.13942 	 -1.14364
-1.15084 	 -1.14033
-1.16223 	 -1.13698
-1.17358 	 -1.13359
-1.1849 	 -1.13019
-1.19618 	 -1.12675
-1.20743 	 -1.12328
-1.21865 	 -1.11979
-1.22983 	 -1.11627
-1.24097 	 -1.11273
-1.25208 	 -1.10916
-1.26316 	 -1.10558
-1.27419 	 -1.10196
-1.2852 	 -1.09833
-1.29616 	 -1.09468
-1.30709 	 -1.09101
-1.31798 	 -1.08732
-1.32883 	 -1.08361
-1.33965 	 -1.07989
-1.35043 	 -1.07614
-1.36118 	 -1.07239
-1.37188 	 -1.06862
-1.38255 	 -1.06483
-1.39318 	 -1.06103
-1.40377 	 -1.05722
-1.41432 	 -1.0534
-1.42484 	 -1.04957
-1.43531 	 -1.04573
-1.44575 	 -1.04187
-1.45615 	 -1.03801
-1.46651 	 -1.03414
-1.47683 	 -1.03027
-1.48712 	 -1.02638
-1.49736 	 -1.02249
-1.50757 	 -1.0186
-1.51773 	 -1.0147
-1.52786 	 -1.01079
-1.53795 	 -1.00688
-1.548 	 -1.00297
-1.55801 	 -0.999055
-1.56798 	 -0.995137
-1.57791 	 -0.991218
-1.5878 	 -0.987297
-1.59766 	 -0.983376
-1.60747 	 -0.979455
-1.61725 	 -0.975533
-1.62698 	 -0.971612
-1.63668 	 -0.967693
-1.64634 	 -0.963774
-1.65595 	 -0.959858
-1.66553 	 -0.955944
-1.67507 	 -0.952033
-1.68457 	 -0.948124
-1.69403 	 -0.944219
-1.70346 	 -0.940318
-1.71284 	 -0.936421
-1.72219 	 -0.932528
-1.73149 	 -0.92864
-1.74076 	 -0.924757
-1.74999 	 -0.92088
-1.75918 	 -0.917007
-1.76833 	 -0.913141
-1.77744 	 -0.909281
-1.78651 	 -0.905427
-1.79555 	 -0.90158
-1.80454 	 -0.897739
-1.8135 	 -0.893906
-1.82242 	 -0.890079
-1.8313 	 -0.88626
-1.84015 	 -0.882449
-1.84895 	 -0.878645
-1.85772 	 -0.874849
-1.86645 	 -0.871061
-1.87514 	 -0.867281
-1.8838 	 -0.863509
-1.89241 	 -0.859746
-1.90099 	 -0.855991
-1.90953 	 -0.852244
-1.91804 	 -0.848506
-1.9265 	 -0.844777
-1.93493 	 -0.841057
-1.94332 	 -0.837345
-1.95168 	 -0.833642
-1.96 	 -0.829948
-1.96828 	 -0.826263
-1.97652 	 -0.822587
-1.98473 	 -0.81892
-1.9929 	 -0.815261
-2.00103 	 -0.811612
-2.00913 	 -0.807971
-2.01719 	 -0.804339
-2.02522 	 -0.800716
-2.03321 	 -0.797102
-2.04116 	 -0.793497
-2.04908 	 -0.7899
-2.05696 	 -0.786312
-2.0648 	 -0.782733
-2.07261 	 -0.779162
-2.08039 	 -0.775599
-2.08813 	 -0.772045
-2.09583 	 -0.768499
-2.1035 	 -0.764961
-2.11113 	 -0.761431
-2.11872 	 -0.757909
-2.12629 	 -0.754395
-2.13381 	 -0.750888
-2.1413 	 -0.747389
-2.14876 	 -0.743897
-2.15618 	 -0.740413
-2.16357 	 -0.736935
-2.17092 	 -0.733465
-2.17824 	 -0.730001
-2.18552 	 -0.726544
-2.19277 	 -0.723094
-2.19998 	 -0.719649
-2.20716 	 -0.716211
-2.21431 	 -0.712778
-2.22142 	 -0.709352
-2.22849 	 -0.705931
-2.23554 	 -0.702515
-2.24254 	 -0.699104
-2.24952 	 -0.695699
-2.25646 	 -0.692298
-2.26336 	 -0.688901
-2.27024 	 -0.685509
-2.27707 	 -0.682121
-2.28388 	 -0.678736
-2.29065 	 -0.675356
-2.29739 	 -0.671979
-2.30409 	 -0.668605
-2.31076 	 -0.665233
-2.31739 	 -0.661865
-2.32399 	 -0.658499
-2.33056 	 -0.655135
-2.3371 	 -0.651773
-2.3436 	 -0.648413
-2.35007 	 -0.645054
-2.3565 	 -0.641697
-2.3629 	 -0.63834
-2.36927 	 -0.634984
-2.3756 	 -0.631629
-2.3819 	 -0.628274
-2.38816 	 -0.624918
-2.3944 	 -0.621563
-2.4006 	 -0.618206
-2.40676 	 -0.614849
-2.41289 	 -0.61149
-2.41899 	 -0.60813
-2.42506 	 -0.604768
-2.43109 	 -0.601405
-2.43708 	 -0.598039
-2.44305 	 -0.59467
-2.44898 	 -0.591298
-2.45487 	 -0.587924
-2.46074 	 -0.584545
-2.46656 	 -0.581163
-2.47236 	 -0.577778
-2.47812 	 -0.574387
-2.48385 	 -0.570992
-2.48954 	 -0.567593
-2.4952 	 -0.564188
-2.50082 	 -0.560777
-2.50641 	 -0.557361
-2.51197 	 -0.553939
-2.51749 	 -0.55051
-2.52298 	 -0.547075
-2.52843 	 -0.543633
-2.53385 	 -0.540183
-2.53924 	 -0.536726
-2.54459 	 -0.533261
-2.5499 	 -0.529788
-2.55518 	 -0.526306
-2.56043 	 -0.522816
-2.56564 	 -0.519316
-2.57082 	 -0.515808
-2.57596 	 -0.512289
-2.58106 	 -0.508761
-2.58613 	 -0.505222
-2.59117 	 -0.501673
-2.59616 	 -0.498112
-2.60113 	 -0.494541
-2.60606 	 -0.490958
-2.61095 	 -0.487363
-2.6158 	 -0.483757
-2.62062 	 -0.480138
-2.62541 	 -0.476506
-2.63015 	 -0.472861
-2.63486 	 -0.469203
-2.63954 	 -0.465531
-2.64417 	 -0.461845
-2.64877 	 -0.458145
-2.65334 	 -0.454431
-2.65786 	 -0.450702
-2.66235 	 -0.446958
-2.6668 	 -0.443198
-2.67121 	 -0.439422
-2.67559 	 -0.435631
-2.67993 	 -0.431823
-2.68423 	 -0.427999
-2.68849 	 -0.424157
-2.69271 	 -0.420299
-2.69689 	 -0.416423
-2.70104 	 -0.412529
-2.70514 	 -0.408617
-2.70921 	 -0.404686
-2.71324 	 -0.400737
-2.71722 	 -0.396769
-2.72117 	 -0.392782
-2.72508 	 -0.388774
-2.72895 	 -0.384748
-2.73277 	 -0.3807
-2.73656 	 -0.376633
-2.74031 	 -0.372544
-2.74401 	 -0.368435
-2.74768 	 -0.364304
-2.7513 	 -0.360152
-2.75488 	 -0.355977
-2.75842 	 -0.351781
-2.76191 	 -0.347562
-2.76537 	 -0.34332
-2.76878 	 -0.339055
-2.77215 	 -0.334766
-2.77548 	 -0.330454
-2.77876 	 -0.326118
-2.782 	 -0.321758
-2.78519 	 -0.317373
-2.78835 	 -0.312963
-2.79145 	 -0.308529
-2.79452 	 -0.304069
-2.79753 	 -0.299583
-2.80051 	 -0.295071
-2.80344 	 -0.290534
-2.80632 	 -0.285969
-2.80915 	 -0.281378
-2.81195 	 -0.27676
-2.81469 	 -0.272115
-2.81739 	 -0.267442
-2.82004 	 -0.262741
-2.82264 	 -0.258012
-2.8252 	 -0.253254
-2.82771 	 -0.248468
-2.83017 	 -0.243653
-2.83258 	 -0.238808
-2.83494 	 -0.233934
-2.83726 	 -0.229031
-2.83952 	 -0.224097
-2.84174 	 -0.219133
-2.84391 	 -0.214138
-2.84602 	 -0.209113
-2.84809 	 -0.204056
-2.8501 	 -0.198968
-2.85207 	 -0.193849
-2.85398 	 -0.188697
-2.85584 	 -0.183513
-2.85765 	 -0.178297
-2.85941 	 -0.173048
-2.86111 	 -0.167766
-2.86276 	 -0.162451
-2.86436 	 -0.157103
-2.86591 	 -0.151721
-2.8674 	 -0.146304
-2.86883 	 -0.140854
-2.87021 	 -0.135369
-2.87154 	 -0.129849
-2.87281 	 -0.124294
-2.87402 	 -0.118704
-2.87518 	 -0.113079
-2.87629 	 -0.107417
-2.87733 	 -0.10172
-2.87832 	 -0.0959861
-2.87925 	 -0.0902158
-2.88012 	 -0.0844087
-2.88094 	 -0.0785646
-2.8817 	 -0.0726832
-2.88239 	 -0.0667642
-2.88303 	 -0.0608075
-2.88361 	 -0.0548127
-2.88413 	 -0.0487796
-2.88458 	 -0.0427079
-2.88498 	 -0.0365975
-2.88532 	 -0.0304481
-2.88559 	 -0.0242593
-2.8858 	 -0.0180311
-2.88595 	 -0.0117631
-2.88604 	 -0.00545504
-2.88606 	 0.000893243
-2.88602 	 0.00728202
-2.88591 	 0.0137115
-2.88574 	 0.020182
-2.88551 	 0.0266938
-2.88521 	 0.033247
-2.88484 	 0.0398419
-2.88441 	 0.0464787
-2.88391 	 0.0531577
-2.88335 	 0.0598792
-2.88272 	 0.0666433
-2.88202 	 0.0734503
-2.88125 	 0.0803004
-2.88041 	 0.087194
-2.8795 	 0.0941311
-2.87853 	 0.101112
-2.87748 	 0.108137
-2.87636 	 0.115207
-2.87518 	 0.12232
-2.87392 	 0.129479
-2.87259 	 0.136683
-2.87118 	 0.143932
-2.86971 	 0.151226
-2.86816 	 0.158567
-2.86654 	 0.165953
-2.86484 	 0.173385
-2.86307 	 0.180864
-2.86122 	 0.188389
-2.8593 	 0.195961
-2.8573 	 0.20358
-2.85523 	 0.211247
-2.85308 	 0.218961
-2.85085 	 0.226723
-2.84854 	 0.234533
-2.84616 	 0.242391
-2.8437 	 0.250297
-2.84115 	 0.258252
-2.83853 	 0.266256
-2.83583 	 0.274309
-2.83304 	 0.282412
-2.83018 	 0.290563
-2.82723 	 0.298765
-2.8242 	 0.307017
-2.82109 	 0.315318
-2.8179 	 0.32367
-2.81462 	 0.332073
-2.81126 	 0.340526
-2.80781 	 0.34903
-2.80428 	 0.357586
-2.80066 	 0.366192
-2.79695 	 0.374851
-2.79316 	 0.383561
-2.78928 	 0.392323
-2.78531 	 0.401137
-2.78126 	 0.410003
-2.77711 	 0.418922
-2.77288 	 0.427894
-2.76855 	 0.436919
-2.76414 	 0.445996
-2.75963 	 0.455127
-2.75504 	 0.464311
-2.75035 	 0.473548
-2.74557 	 0.48284
-2.74069 	 0.492185
-2.73572 	 0.501584
-2.73066 	 0.511037
-2.7255 	 0.520544
-2.72025 	 0.530106
-2.7149 	 0.539722
-2.70945 	 0.549393
-2.70391 	 0.559119
-2.69827 	 0.5689
-2.69253 	 0.578735
-2.6867 	 0.588626
-2.68076 	 0.598572
-2.67472 	 0.608573
-2.66859 	 0.618629
-2.66235 	 0.628741
-2.65601 	 0.638908
-2.64957 	 0.649131
-2.64303 	 0.659409
-2.63638 	 0.669743
-2.62964 	 0.680132
-2.62278 	 0.690577
-2.61582 	 0.701078
-2.60876 	 0.711634
-2.60159 	 0.722246
-2.59431 	 0.732913
-2.58693 	 0.743636
-2.57944 	 0.754414
-2.57184 	 0.765248
-2.56414 	 0.776137
-2.55632 	 0.787081
-2.54839 	 0.79808
-2.54036 	 0.809134
-2.53221 	 0.820243
-2.52395 	 0.831407
-2.51558 	 0.842625
-2.5071 	 0.853897
-2.49851 	 0.865223
-2.4898 	 0.876604
-2.48097 	 0.888038
-2.47204 	 0.899525
-2.46298 	 0.911065
-2.45381 	 0.922658
-2.44453 	 0.934303
-2.43513 	 0.946
-2.42561 	 0.957749
-2.41597 	 0.969549
-2.40622 	 0.9814
-2.39634 	 0.993302
-2.38635 	 1.00525
-2.37624 	 1.01725
-2.36601 	 1.0293
-2.35565 	 1.0414
-2.34518 	 1.05355
-2.33458 	 1.06574
-2.32386 	 1.07798
-2.31302 	 1.09026
-2.30206 	 1.10259
-2.29097 	 1.11497
-2.27976 	 1.12738
-2.26842 	 1.13984
-2.25696 	 1.15235
-2.24538 	 1.16489
-2.23366 	 1.17747
-2.22183 	 1.19009
-2.20986 	 1.20275
-2.19777 	 1.21545
-2.18555 	 1.22818
-2.17321 	 1.24095
-2.16073 	 1.25375
-2.14813 	 1.26659
-2.1354 	 1.27945
-2.12254 	 1.29235
-2.10955 	 1.30527
-2.09644 	 1.31822
-2.08319 	 1.3312
-2.06981 	 1.3442
-2.05631 	 1.35722
-2.04267 	 1.37026
-2.0289 	 1.38333
-2.015 	 1.39641
-2.00097 	 1.40951
-1.98681 	 1.42262
-1.97252 	 1.43574
-1.9581 	 1.44887
-1.94354 	 1.46202
-1.92886 	 1.47517
-1.91404 	 1.48832
-1.89909 	 1.50148
-1.88401 	 1.51463
-1.8688 	 1.52779
-1.85345 	 1.54093
-1.83798 	 1.55408
-1.82237 	 1.56721
-1.80663 	 1.58033
-1.79077 	 1.59344
-1.77477 	 1.60653
-1.75864 	 1.6196
-1.74237 	 1.63265
-1.72598 	 1.64567
-1.70946 	 1.65867
-1.69281 	 1.67164
-1.67603 	 1.68457
-1.65912 	 1.69747
-1.64208 	 1.71032
-1.62491 	 1.72314
-1.60762 	 1.7359
-1.59019 	 1.74862
-1.57264 	 1.76129
-1.55497 	 1.7739
-1.53717 	 1.78646
-1.51924 	 1.79895
-1.50119 	 1.81137
-1.48301 	 1.82373
-1.46471 	 1.83601
-1.44629 	 1.84822
-1.42775 	 1.86034
-1.40909 	 1.87239
-1.3903 	 1.88434
-1.3714 	 1.89621
-1.35238 	 1.90798
-1.33324 	 1.91965
-1.31399 	 1.93122
-1.29462 	 1.94268
-1.27513 	 1.95403
-1.25554 	 1.96527
-1.23583 	 1.97639
-1.21601 	 1.98738
-1.19608 	 1.99825
-1.17604 	 2.009
-1.1559 	 2.0196
-1.13565 	 2.03007
-1.1153 	 2.0404
-1.09484 	 2.05058
-1.07429 	 2.06061
-1.05363 	 2.07049
-1.03288 	 2.08021
-1.01203 	 2.08977
-0.991084 	 2.09916
-0.970046 	 2.10839
-0.948917 	 2.11744
-0.927698 	 2.12631
-0.906392 	 2.135
-0.884999 	 2.14351
-0.863522 	 2.15183
-0.841963 	 2.15996
-0.820323 	 2.16789
-0.798606 	 2.17562
-0.776812 	 2.18315
-0.754943 	 2.19048
-0.733003 	 2.19759
-0.710992 	 2.2045
-0.688914 	 2.21118
-0.666769 	 2.21765
-0.644561 	 2.2239
-0.622292 	 2.22992
-0.599964 	 2.23572
-0.577578 	 2.24129
-0.555139 	 2.24662
-0.532647 	 2.25172
-0.510105 	 2.25658
-0.487516 	 2.2612
-0.464882 	 2.26558
-0.442205 	 2.26972
-0.419488 	 2.27361
-0.396734 	 2.27725
-0.373944 	 2.28065
-0.351122 	 2.28379
-0.328269 	 2.28668
-0.305389 	 2.28932
-0.282483 	 2.2917
-0.259556 	 2.29383
-0.236608 	 2.2957
-0.213642 	 2.29732
-0.190662 	 2.29868
-0.16767 	 2.29978
-0.144667 	 2.30062
-0.121658 	 2.30121
-0.098644 	 2.30154
-0.0756281 	 2.30161
-0.0526128 	 2.30142
-0.0296006 	 2.30097
