15 121
30 121.5
45 122.5
60 124
75 125
90 127.5
105 129.5
120 132
135 134.5
150 136.5
165 138.5
180 140.5
195 142.5
210 144.5
225 145.5
240 146.5
255 147.5
270 147.5
285 147
300 146.5
315 145.5
330 144.5
345 143
360 141.5
375 139.5
390 137.5
405 135.5
420 133
435 131
450 129.5
465 127.5
480 126
495 124.5
510 123.5
525 123
540 123
555 123.5
570 123.5
585 124.5
600 125.5
615 127
630 128.5
645 130.5
660 132
675 134
690 136
705 137.5
720 139.5
735 141.5
750 142.5
765 144
780 145
795 145.5
810 146
825 145.5
840 145.5
855 145
870 144
885 142.5
900 141.5
915 140
930 138
945 136.5
960 134.5
975 133
990 131
1005 129.5
1020 128.5
1035 127.5
1050 126.5
1065 126
1080 125.5
1095 125.5
1110 126
1125 126.5
1140 127.5
1155 128.5
1170 130
1185 131.5
1200 132.5
1215 134.5
1230 136.5
1245 137.5
1260 139.5
1275 140.5
1290 142
1305 143
1320 144
1335 144.5
1350 145
1365 145
1380 144.5
1395 144.5
1410 143.5
1425 142.5
1440 141.5
1455 140.5
1470 139
1485 137.5
1500 136
1515 134.5
1530 133.5
1545 132
1560 130.5
1575 129.5
1590 129
1605 128.5
1620 128
1635 128
1650 128
1665 128.5
1680 129
1695 130
1710 131
1725 132
1740 133
1755 134.5
1770 135.5
1785 137
1800 138.5
1815 139.5
1830 140.5
1845 141.5
1860 142.5
1875 143
1890 143.5
1905 143.5
1920 143
1935 142
1950 142
1965 141.5
1980 140.5
1995 139.5
2010 138.5
2025 137
2040 136
2055 134.5
2070 133.5
2085 132.5
2100 131.5
2115 130.5
2130 129.5
2145 129
2160 128.5
2175 128.5
2190 129
2205 129
2220 129.5
2235 130
2250 131
2265 131.5
2280 133
2295 134
2310 135
2325 136
2340 137.5
2355 138.5
2370 139.5
2385 140
2400 140.5
2415 141.5
2430 141.5
2445 142
2460 141.5
2475 141.5
2490 141
2505 140.5
2520 139.5
2535 138.5
2550 137.5
2565 136.5
2580 135.5
2595 134.5
2610 133.5
2625 132.5
2640 131.5
2655 131
2670 130.5
2685 130
2700 129.5
2715 129.5
2730 130
2745 130
2760 130.5
2775 131
2790 132
2805 132.5
2820 133
2835 134.5
2850 136
2865 136.5
2880 138